524.57
526.51
528.52
534.35
551.80
569.29
628.18
650.02
656.01
665.95
678.30
679.41
682.29
691.25
713.09
722.24
766.34
779.45
793.41
823.43
827.45
835.46
838.37
845.10
861.08
863.49
871.49
915.47
918.46
922.49
931.48
951.53
966.48
978.45
985.55
991.57
1009.61
1019.50
1046.56
1050.59
1051.53
1069.57
1075.60
1089.58
1094.59
1106.57
1109.59
1113.65
1123.56
1125.61
1128.56
1131.60
1147.59
1170.66
1184.60
1199.67
1229.59
1234.67
1242.63
1244.57
1245.67
1262.70
1288.61
1292.60
1304.56
1307.57
1312.66
1320.57
1351.58
1379.67
1410.72
1450.67
1474.74
1493.74
1497.72
1515.74
1522.68
1552.75
1556.77
1601.76
1615.78
1655.68
1671.81
1729.79
1745.79
1754.85
1835.87
1842.85
1892.01
1907.96
1911.92
1948.92
1953.97
1955.97
1999.99
2005.98
2041.97
2071.00
2085.99
2092.03
2097.99
2101.99
2114.00
2128.08
2237.30
2248.11
2279.19
2397.22
2406.15
2409.19
2450.14
2466.44
2492.30
2527.42
2544.44
2578.29
2663.36
2691.37
2748.41
2773.62
2779.73
2795.40
2807.42
2863.54
2874.52
2902.55
3062.73
3077.57
3138.92
3205.68
3245.80
3264.76
3337.97
3579.02
3776.28
       